2.307708424110438639e+00
2.307973426182337029e+00
2.308207851092093588e+00
2.308228235866855105e+00
2.308248620641616178e+00
2.308228235866855105e+00
2.308177273929951312e+00
2.308595161812560637e+00
2.308472853163991534e+00
2.308758240010651885e+00
2.308829586722316751e+00
2.308788817172794161e+00
2.308911125821362376e+00
2.279455126291118905e+00
2.238461344245915363e+00
2.239490775371367093e+00
2.240387705460868961e+00
2.241335597487275066e+00
2.241987910279640062e+00
2.242966379468187998e+00
2.244077349692685353e+00
2.244964087394806906e+00
2.245687746898836323e+00
2.246870063834998543e+00
2.247420452753556841e+00
2.248215458969252012e+00
2.249357006355891198e+00
2.250396629868723242e+00
2.250763555814428774e+00
2.251792986939880059e+00
2.252363760633199874e+00
2.253046650587707145e+00
2.253576654731503925e+00
2.254208582749107403e+00
2.254065889325778116e+00
